0.75 1.004671 1.009737 1.043451 1.041517 1.038894
0.85 1.00472 1.009914 1.060461 1.051012 1.047073
1.05 1.005569 1.015916 1.102017 1.072169 1.062535
1.15 1.005166 1.018594 1.118101 1.077156 1.06576
1.25 1.005433 1.020291 1.139624 1.074234 1.063479
1.35 1.006642 1.022708 1.167723 1.068236 1.058741
1.45 1.006597 1.022536 1.195217 1.060518 1.050985
1.55 1.005776 1.02258 1.21264 1.053876 1.045048
1.65 1.0058 1.023574 1.196202 1.046675 1.040474
1.75 1.006059 1.024595 1.148521 1.040854 1.034743
1.85 1.006025 1.025309 1.119652 1.036637 1.031637
1.95 1.005938 1.027119 1.103977 1.034283 1.029916
2.05 1.005027 1.02726 1.086573 1.03124 1.027774
