0.75 1.036238 1.029825 1.023184 1.018005 1.016448 1.015035 1.013668 1.012808 1.012394 1.011208 1.010987 1.008492 1.008591
0.85 1.043586 1.035282 1.027262 1.020539 1.018059 1.015854 1.01459 1.012301 1.012279 1.011519 1.010666 1.009735 1.008313
0.95 1.051691 1.039313 1.02881 1.020826 1.018402 1.015875 1.013945 1.013088 1.012244 1.011348 1.01076 1.009918 1.009065
1.05 1.056809 1.041885 1.029082 1.020719 1.016709 1.013694 1.012227 1.012754 1.010545 1.012051 1.010116 1.009458 1.007984
1.15 1.05798 1.042346 1.028621 1.019159 1.015112 1.013457 1.011525 1.011499 1.010329 1.00935 1.009343 1.0082 1.007259
1.25 1.058751 1.039432 1.025365 1.01719 1.012239 1.012061 1.010128 1.00902 1.008925 1.007972 1.0082 1.007177 1.00727
1.35 1.050959 1.033649 1.02254 1.013743 1.010732 1.009002 1.008725 1.00781 1.007697 1.006477 1.006301 1.006434 1.005203
1.45 1.044614 1.030165 1.020038 1.012698 1.010408 1.009028 1.007773 1.007096 1.006294 1.006906 1.006929 1.005568 1.00536
1.55 1.038773 1.026651 1.018169 1.01106 1.009112 1.008397 1.006064 1.006343 1.005803 1.005847 1.005963 1.005562 1.004956
1.65 1.034084 1.024527 1.016045 1.009859 1.009067 1.007374 1.007539 1.006554 1.005944 1.005718 1.005865 1.005708 1.005367
1.75 1.031655 1.02208 1.013973 1.009508 1.007983 1.007543 1.006519 1.007023 1.005665 1.005031 1.006341 1.004204 1.005185
1.85 1.028245 1.020724 1.013192 1.009137 1.007783 1.008048 1.006424 1.005914 1.006036 1.006782 1.006081 1.005204 1.005123
1.95 1.02684 1.017961 1.012344 1.00805 1.007823 1.007136 1.007249 1.006564 1.005245 1.006543 1.006079 1.005531 1.004295
2.05 1.023528 1.01667 1.011546 1.009199 1.005886 1.007305 1.006083 1.005579 1.005412 1.005195 1.005295 1.005344 1.004233
